Temp[K]     Kappa[W/(m*K)]     R_A     R_O     TA_N        TA_U        TA_ISO      TA'_N       TA'_U       TA'_ISO     LA_N        LA_U        LA_ISO      O_N         O_U         O_ISO       
200.0       232.682          0.648   0.352   8.144e-12   4.860e-11   1.477e-10   2.430e-11   1.258e-10   1.262e-10   8.286e-12   3.838e-11   5.613e-11   8.146e-19   6.312e-14   2.173e-15   
220.0       201.588          0.625   0.375   5.562e-12   4.228e-11   1.477e-10   1.660e-11   1.090e-10   1.262e-10   6.225e-12   3.197e-11   5.613e-11   6.120e-19   5.143e-14   2.173e-15   
240.0       177.466          0.607   0.393   3.927e-12   3.737e-11   1.477e-10   1.172e-11   9.604e-11   1.262e-10   4.795e-12   2.724e-11   5.613e-11   4.714e-19   4.303e-14   2.173e-15   
260.0       158.294          0.592   0.408   2.851e-12   3.344e-11   1.477e-10   8.509e-12   8.572e-11   1.262e-10   3.771e-12   2.365e-11   5.613e-11   3.708e-19   3.676e-14   2.173e-15   
280.0       142.742          0.581   0.419   2.120e-12   3.024e-11   1.477e-10   6.326e-12   7.733e-11   1.262e-10   3.020e-12   2.083e-11   5.613e-11   2.969e-19   3.195e-14   2.173e-15   
300.0       129.902          0.571   0.429   1.609e-12   2.759e-11   1.477e-10   4.801e-12   7.039e-11   1.262e-10   2.455e-12   1.857e-11   5.613e-11   2.414e-19   2.816e-14   2.173e-15   
320.0       119.140          0.563   0.437   1.243e-12   2.535e-11   1.477e-10   3.708e-12   6.456e-11   1.262e-10   2.023e-12   1.672e-11   5.613e-11   1.989e-19   2.510e-14   2.173e-15   
340.0       110.000          0.556   0.444   9.751e-13   2.344e-11   1.477e-10   2.910e-12   5.960e-11   1.262e-10   1.687e-12   1.519e-11   5.613e-11   1.658e-19   2.260e-14   2.173e-15   
360.0       102.149          0.550   0.450   7.758e-13   2.179e-11   1.477e-10   2.315e-12   5.533e-11   1.262e-10   1.421e-12   1.391e-11   5.613e-11   1.397e-19   2.052e-14   2.173e-15   
380.0       95.336           0.545   0.455   6.249e-13   2.035e-11   1.477e-10   1.865e-12   5.162e-11   1.262e-10   1.208e-12   1.281e-11   5.613e-11   1.188e-19   1.877e-14   2.173e-15   
400.0       89.371           0.541   0.459   5.090e-13   1.909e-11   1.477e-10   1.519e-12   4.837e-11   1.262e-10   1.036e-12   1.186e-11   5.613e-11   1.018e-19   1.727e-14   2.173e-15   
